 0.0000000 0.0000000
 0.0005839 0.0042603
 0.0023342 0.0084289
 0.0052468 0.0125011
 0.0093149 0.0164706
 0.0145291 0.0203300
 0.0208771 0.0240706
 0.0283441 0.0276827
 0.0369127 0.0311559
 0.0465628 0.0344792
 0.0572720 0.0376414
 0.0690152 0.0406310
 0.0817649 0.0434371
 0.0954915 0.0460489
 0.1101628 0.0484567
 0.1257446 0.0506513
 0.1422005 0.0526251
 0.1594921 0.0543715
 0.1775789 0.0558856
 0.1964187 0.0571640
 0.2159676 0.0582048
 0.2361799 0.0590081
 0.2570083 0.0595755
 0.2784042 0.0599102
 0.3003177 0.0600172
 0.3226976 0.0599028
 0.3454915 0.0595747
 0.3686463 0.0590419
 0.3921079 0.0583145
 0.4158215 0.0574033
 0.4397317 0.0563200
 0.4637826 0.0550769
 0.4879181 0.0536866
 0.5120819 0.0521620
 0.5362174 0.0505161
 0.5602683 0.0487619
 0.5841786 0.0469124
 0.6078921 0.0449802
 0.6313537 0.0429778
 0.6545085 0.0409174
 0.6773025 0.0388109
 0.6996823 0.0366700
 0.7215958 0.0345058
 0.7429917 0.0323294
 0.7638202 0.0301515
 0.7840324 0.0279828
 0.0000000 0.0000000
 0.0005839 -.0042603
 0.0023342 -.0084289
 0.0052468 -.0125011
 0.0093149 -.0164706
 0.0145291 -.0203300
 0.0208771 -.0240706
 0.0283441 -.0276827
 0.0369127 -.0311559
 0.0465628 -.0344792
 0.0572720 -.0376414
 0.0690152 -.0406310
 0.0817649 -.0434371
 0.0954915 -.0460489
 0.1101628 -.0484567
 0.1257446 -.0506513
 0.1422005 -.0526251
 0.1594921 -.0543715
 0.1775789 -.0558856
 0.1964187 -.0571640
 0.2159676 -.0582048
 0.2361799 -.0590081
 0.2570083 -.0595755
 0.2784042 -.0599102
 0.3003177 -.0600172
 0.3226976 -.0599028
 0.3454915 -.0595747
 0.3686463 -.0590419
 0.3921079 -.0583145
 0.4158215 -.0574033
 0.4397317 -.0563200
 0.4637826 -.0550769
 0.4879181 -.0536866
 0.5120819 -.0521620
 0.5362174 -.0505161
 0.5602683 -.0487619
 0.5841786 -.0469124
 0.6078921 -.0449802
 0.6313537 -.0429778
 0.6545085 -.0409174
 0.6773025 -.0388109
 0.6996823 -.0366700
 0.7215958 -.0345058
 0.7429917 -.0323294
 0.7638202 -.0301515
 0.7840324 -.0279828
 0.7840 -0.0280
 0.7830 -0.0270
 0.7821 -0.0260
 0.7812 -0.0250
 0.7803 -0.0240
 0.7795 -0.0230
 0.7787 -0.0220
 0.7779 -0.0210
 0.7772 -0.0200
 0.7765 -0.0190
 0.7758 -0.0180
 0.7752 -0.0170
 0.7746 -0.0160
 0.7740 -0.0150
 0.7735 -0.0140
 0.7730 -0.0130
 0.7726 -0.0120
 0.7722 -0.0110
 0.7718 -0.0100
 0.7714 -0.0090
 0.7711 -0.0080
 0.7709 -0.0070
 0.7706 -0.0060
 0.7704 -0.0050
 0.7703 -0.0040
 0.7702 -0.0030
 0.7701 -0.0020
 0.7700 -0.0010
 0.7700 0.0000
 0.7700 0.0010
 0.7701 0.0020
 0.7702 0.0030
 0.7703 0.0040
 0.7705 0.0050
 0.7706 0.0060
 0.7709 0.0070
 0.7712 0.0080
 0.7715 0.0090
 0.7718 0.0100
 0.7722 0.0110
 0.7726 0.0120
 0.7730 0.0130
 0.7735 0.0140
 0.7740 0.0150
 0.7746 0.0160
 0.7752 0.0170
 0.7758 0.0180
 0.7765 0.0190
 0.7772 0.0200
 0.7779 0.0210
 0.7787 0.0220
 0.7795 0.0230
 0.7803 0.0240
 0.7812 0.0250
 0.7821 0.0260
 0.7831 0.0270
 0.8035813 0.0258337
 0.8224211 0.0237142
 0.8405079 0.0216347
 0.8577995 0.0196051
 0.8742554 0.0176353
 0.8898372 0.0157351
 0.9045085 0.0139143
 0.9182351 0.0121823
 0.9309849 0.0105485
 0.9427280 0.0090217
 0.9534372 0.0076108
 0.9630873 0.0063238
 0.9716559 0.0051685
 0.9791229 0.0041519
 0.9854709 0.0032804
 0.9906850 0.0025595
 0.9947532 0.0019938
 0.9976658 0.0015870
 0.9994161 0.0013419
 1.0000000 0
 0.8035813 -.0258337
 0.8224211 -.0237142
 0.8405079 -.0216347
 0.8577995 -.0196051
 0.8742554 -.0176353
 0.8898372 -.0157351
 0.9045085 -.0139143
 0.9182351 -.0121823
 0.9309849 -.0105485
 0.9427280 -.0090217
 0.9534372 -.0076108
 0.9630873 -.0063238
 0.9716559 -.0051685
 0.9791229 -.0041519
 0.9854709 -.0032804
 0.9906850 -.0025595
 0.9947532 -.0019938
 0.9976658 -.0015870
 0.9994161 -.0013419
 1.0000000 0
 0.8036 -0.0280
 0.8026 -0.0270
 0.8017 -0.0260
 0.8008 -0.0250
 0.7999 -0.0240
 0.7991 -0.0230
 0.7983 -0.0220
 0.7975 -0.0210
 0.7968 -0.0200
 0.7961 -0.0190
 0.7954 -0.0180
 0.7948 -0.0170
 0.7942 -0.0160
 0.7936 -0.0150
 0.7931 -0.0140
 0.7926 -0.0130
 0.7922 -0.0120
 0.7918 -0.0110
 0.7914 -0.0100
 0.7910 -0.0090
 0.7907 -0.0080
 0.7905 -0.0070
 0.7902 -0.0060
 0.7900 -0.0050
 0.7899 -0.0040
 0.7898 -0.0030
 0.7897 -0.0020
 0.7896 -0.0010
 0.7896 0
 0.7896 0.0010
 0.7897 0.0020
 0.7898 0.0030
 0.7899 0.0040
 0.7901 0.0050
 0.7902 0.0060
 0.7905 0.0070
 0.7908 0.0080
 0.7911 0.0090
 0.7914 0.0100
 0.7918 0.0110
 0.7922 0.0120
 0.7926 0.0130
 0.7931 0.0140
 0.7936 0.0150
 0.7942 0.0160
 0.7948 0.0170
 0.7954 0.0180
 0.7961 0.0190
 0.7968 0.0200
 0.7975 0.0210
 0.7983 0.0220
 0.7991 0.0230
 0.7999 0.0240
 0.8008 0.0250
 0.8017 0.0260
 0.8027 0.0270